{
  "field" : "golden",
  "symmetry" : "icosahedral",
  "orientations" : [ [ 1.0, 0.0, 0.0, 0.0, 0.0, 1.0, 0.0, 0.0, 0.0, 0.0, 1.0, 0.0, 0.0, 0.0, 0.0, 1.0 ], [ 0.0, 0.0, 1.0, 0.0, 1.0, 0.0, 0.0, 0.0, 0.0, 1.0, 0.0, 0.0, 0.0, 0.0, 0.0, 1.0 ], [ 0.0, 1.0, 0.0, 0.0, 0.0, 0.0, 1.0, 0.0, 1.0, 0.0, 0.0, 0.0, 0.0, 0.0, 0.0, 1.0 ], [ 0.809017, 0.309017, 0.5, 0.0, 0.309017, 0.5, -0.809017, 0.0, -0.5, 0.809017, 0.309017, 0.0, 0.0, 0.0, 0.0, 1.0 ], [ -0.5, 0.809017, 0.309017, 0.0, 0.809017, 0.309017, 0.5, 0.0, 0.309017, 0.5, -0.809017, 0.0, 0.0, 0.0, 0.0, 1.0 ], [ 0.309017, 0.5, -0.809017, 0.0, -0.5, 0.809017, 0.309017, 0.0, 0.809017, 0.309017, 0.5, 0.0, 0.0, 0.0, 0.0, 1.0 ], [ 0.5, 0.809017, 0.309017, 0.0, 0.809017, -0.309017, -0.5, 0.0, -0.309017, 0.5, -0.809017, 0.0, 0.0, 0.0, 0.0, 1.0 ], [ -0.309017, 0.5, -0.809017, 0.0, 0.5, 0.809017, 0.309017, 0.0, 0.809017, -0.309017, -0.5, 0.0, 0.0, 0.0, 0.0, 1.0 ], [ 0.809017, -0.309017, -0.5, 0.0, -0.309017, 0.5, -0.809017, 0.0, 0.5, 0.809017, 0.309017, 0.0, 0.0, 0.0, 0.0, 1.0 ], [ 0.5, 0.809017, -0.309017, 0.0, 0.809017, -0.309017, 0.5, 0.0, 0.309017, -0.5, -0.809017, 0.0, 0.0, 0.0, 0.0, 1.0 ], [ 0.309017, -0.5, -0.809017, 0.0, 0.5, 0.809017, -0.309017, 0.0, 0.809017, -0.309017, 0.5, 0.0, 0.0, 0.0, 0.0, 1.0 ], [ 0.809017, -0.309017, 0.5, 0.0, 0.309017, -0.5, -0.809017, 0.0, 0.5, 0.809017, -0.309017, 0.0, 0.0, 0.0, 0.0, 1.0 ], [ 0.809017, 0.309017, -0.5, 0.0, 0.309017, 0.5, 0.809017, 0.0, 0.5, -0.809017, 0.309017, 0.0, 0.0, 0.0, 0.0, 1.0 ], [ 0.5, -0.809017, 0.309017, 0.0, 0.809017, 0.309017, -0.5, 0.0, 0.309017, 0.5, 0.809017, 0.0, 0.0, 0.0, 0.0, 1.0 ], [ 0.309017, 0.5, 0.809017, 0.0, 0.5, -0.809017, 0.309017, 0.0, 0.809017, 0.309017, -0.5, 0.0, 0.0, 0.0, 0.0, 1.0 ], [ 1.0, 0.0, 0.0, 0.0, 0.0, -1.0, 0.0, 0.0, 0.0, 0.0, -1.0, 0.0, 0.0, 0.0, 0.0, 1.0 ], [ 0.0, 0.0, 1.0, 0.0, -1.0, 0.0, 0.0, 0.0, 0.0, -1.0, 0.0, 0.0, 0.0, 0.0, 0.0, 1.0 ], [ 0.0, 1.0, 0.0, 0.0, 0.0, 0.0, -1.0, 0.0, -1.0, 0.0, 0.0, 0.0, 0.0, 0.0, 0.0, 1.0 ], [ 0.809017, 0.309017, 0.5, 0.0, -0.309017, -0.5, 0.809017, 0.0, 0.5, -0.809017, -0.309017, 0.0, 0.0, 0.0, 0.0, 1.0 ], [ -0.5, 0.809017, 0.309017, 0.0, -0.809017, -0.309017, -0.5, 0.0, -0.309017, -0.5, 0.809017, 0.0, 0.0, 0.0, 0.0, 1.0 ], [ 0.309017, 0.5, -0.809017, 0.0, 0.5, -0.809017, -0.309017, 0.0, -0.809017, -0.309017, -0.5, 0.0, 0.0, 0.0, 0.0, 1.0 ], [ 0.5, 0.809017, 0.309017, 0.0, -0.809017, 0.309017, 0.5, 0.0, 0.309017, -0.5, 0.809017, 0.0, 0.0, 0.0, 0.0, 1.0 ], [ -0.309017, 0.5, -0.809017, 0.0, -0.5, -0.809017, -0.309017, 0.0, -0.809017, 0.309017, 0.5, 0.0, 0.0, 0.0, 0.0, 1.0 ], [ 0.809017, -0.309017, -0.5, 0.0, 0.309017, -0.5, 0.809017, 0.0, -0.5, -0.809017, -0.309017, 0.0, 0.0, 0.0, 0.0, 1.0 ], [ 0.5, 0.809017, -0.309017, 0.0, -0.809017, 0.309017, -0.5, 0.0, -0.309017, 0.5, 0.809017, 0.0, 0.0, 0.0, 0.0, 1.0 ], [ 0.309017, -0.5, -0.809017, 0.0, -0.5, -0.809017, 0.309017, 0.0, -0.809017, 0.309017, -0.5, 0.0, 0.0, 0.0, 0.0, 1.0 ], [ 0.809017, -0.309017, 0.5, 0.0, -0.309017, 0.5, 0.809017, 0.0, -0.5, -0.809017, 0.309017, 0.0, 0.0, 0.0, 0.0, 1.0 ], [ 0.809017, 0.309017, -0.5, 0.0, -0.309017, -0.5, -0.809017, 0.0, -0.5, 0.809017, -0.309017, 0.0, 0.0, 0.0, 0.0, 1.0 ], [ 0.5, -0.809017, 0.309017, 0.0, -0.809017, -0.309017, 0.5, 0.0, -0.309017, -0.5, -0.809017, 0.0, 0.0, 0.0, 0.0, 1.0 ], [ 0.309017, 0.5, 0.809017, 0.0, -0.5, 0.809017, -0.309017, 0.0, -0.809017, -0.309017, 0.5, 0.0, 0.0, 0.0, 0.0, 1.0 ], [ -1.0, 0.0, 0.0, 0.0, 0.0, -1.0, 0.0, 0.0, 0.0, 0.0, 1.0, 0.0, 0.0, 0.0, 0.0, 1.0 ], [ 0.0, 0.0, -1.0, 0.0, -1.0, 0.0, 0.0, 0.0, 0.0, 1.0, 0.0, 0.0, 0.0, 0.0, 0.0, 1.0 ], [ 0.0, -1.0, 0.0, 0.0, 0.0, 0.0, -1.0, 0.0, 1.0, 0.0, 0.0, 0.0, 0.0, 0.0, 0.0, 1.0 ], [ -0.809017, -0.309017, -0.5, 0.0, -0.309017, -0.5, 0.809017, 0.0, -0.5, 0.809017, 0.309017, 0.0, 0.0, 0.0, 0.0, 1.0 ], [ 0.5, -0.809017, -0.309017, 0.0, -0.809017, -0.309017, -0.5, 0.0, 0.309017, 0.5, -0.809017, 0.0, 0.0, 0.0, 0.0, 1.0 ], [ -0.309017, -0.5, 0.809017, 0.0, 0.5, -0.809017, -0.309017, 0.0, 0.809017, 0.309017, 0.5, 0.0, 0.0, 0.0, 0.0, 1.0 ], [ -0.5, -0.809017, -0.309017, 0.0, -0.809017, 0.309017, 0.5, 0.0, -0.309017, 0.5, -0.809017, 0.0, 0.0, 0.0, 0.0, 1.0 ], [ 0.309017, -0.5, 0.809017, 0.0, -0.5, -0.809017, -0.309017, 0.0, 0.809017, -0.309017, -0.5, 0.0, 0.0, 0.0, 0.0, 1.0 ], [ -0.809017, 0.309017, 0.5, 0.0, 0.309017, -0.5, 0.809017, 0.0, 0.5, 0.809017, 0.309017, 0.0, 0.0, 0.0, 0.0, 1.0 ], [ -0.5, -0.809017, 0.309017, 0.0, -0.809017, 0.309017, -0.5, 0.0, 0.309017, -0.5, -0.809017, 0.0, 0.0, 0.0, 0.0, 1.0 ], [ -0.309017, 0.5, 0.809017, 0.0, -0.5, -0.809017, 0.309017, 0.0, 0.809017, -0.309017, 0.5, 0.0, 0.0, 0.0, 0.0, 1.0 ], [ -0.809017, 0.309017, -0.5, 0.0, -0.309017, 0.5, 0.809017, 0.0, 0.5, 0.809017, -0.309017, 0.0, 0.0, 0.0, 0.0, 1.0 ], [ -0.809017, -0.309017, 0.5, 0.0, -0.309017, -0.5, -0.809017, 0.0, 0.5, -0.809017, 0.309017, 0.0, 0.0, 0.0, 0.0, 1.0 ], [ -0.5, 0.809017, -0.309017, 0.0, -0.809017, -0.309017, 0.5, 0.0, 0.309017, 0.5, 0.809017, 0.0, 0.0, 0.0, 0.0, 1.0 ], [ -0.309017, -0.5, -0.809017, 0.0, -0.5, 0.809017, -0.309017, 0.0, 0.809017, 0.309017, -0.5, 0.0, 0.0, 0.0, 0.0, 1.0 ], [ -1.0, 0.0, 0.0, 0.0, 0.0, 1.0, 0.0, 0.0, 0.0, 0.0, -1.0, 0.0, 0.0, 0.0, 0.0, 1.0 ], [ 0.0, 0.0, -1.0, 0.0, 1.0, 0.0, 0.0, 0.0, 0.0, -1.0, 0.0, 0.0, 0.0, 0.0, 0.0, 1.0 ], [ 0.0, -1.0, 0.0, 0.0, 0.0, 0.0, 1.0, 0.0, -1.0, 0.0, 0.0, 0.0, 0.0, 0.0, 0.0, 1.0 ], [ -0.809017, -0.309017, -0.5, 0.0, 0.309017, 0.5, -0.809017, 0.0, 0.5, -0.809017, -0.309017, 0.0, 0.0, 0.0, 0.0, 1.0 ], [ 0.5, -0.809017, -0.309017, 0.0, 0.809017, 0.309017, 0.5, 0.0, -0.309017, -0.5, 0.809017, 0.0, 0.0, 0.0, 0.0, 1.0 ], [ -0.309017, -0.5, 0.809017, 0.0, -0.5, 0.809017, 0.309017, 0.0, -0.809017, -0.309017, -0.5, 0.0, 0.0, 0.0, 0.0, 1.0 ], [ -0.5, -0.809017, -0.309017, 0.0, 0.809017, -0.309017, -0.5, 0.0, 0.309017, -0.5, 0.809017, 0.0, 0.0, 0.0, 0.0, 1.0 ], [ 0.309017, -0.5, 0.809017, 0.0, 0.5, 0.809017, 0.309017, 0.0, -0.809017, 0.309017, 0.5, 0.0, 0.0, 0.0, 0.0, 1.0 ], [ -0.809017, 0.309017, 0.5, 0.0, -0.309017, 0.5, -0.809017, 0.0, -0.5, -0.809017, -0.309017, 0.0, 0.0, 0.0, 0.0, 1.0 ], [ -0.5, -0.809017, 0.309017, 0.0, 0.809017, -0.309017, 0.5, 0.0, -0.309017, 0.5, 0.809017, 0.0, 0.0, 0.0, 0.0, 1.0 ], [ -0.309017, 0.5, 0.809017, 0.0, 0.5, 0.809017, -0.309017, 0.0, -0.809017, 0.309017, -0.5, 0.0, 0.0, 0.0, 0.0, 1.0 ], [ -0.809017, 0.309017, -0.5, 0.0, 0.309017, -0.5, -0.809017, 0.0, -0.5, -0.809017, 0.309017, 0.0, 0.0, 0.0, 0.0, 1.0 ], [ -0.809017, -0.309017, 0.5, 0.0, 0.309017, 0.5, 0.809017, 0.0, -0.5, 0.809017, -0.309017, 0.0, 0.0, 0.0, 0.0, 1.0 ], [ -0.5, 0.809017, -0.309017, 0.0, 0.809017, 0.309017, -0.5, 0.0, -0.309017, -0.5, -0.809017, 0.0, 0.0, 0.0, 0.0, 1.0 ], [ -0.309017, -0.5, -0.809017, 0.0, 0.5, -0.809017, 0.309017, 0.0, -0.809017, -0.309017, 0.5, 0.0, 0.0, 0.0, 0.0, 1.0 ] ],
  "lights" : {
    "backgroundColor" : "#AFC8DC",
    "ambientColor" : "#292929",
    "directionalLights" : [ {
      "direction" : {
        "x" : 1.0,
        "y" : -1.0,
        "z" : -1.0
      },
      "color" : "#EBEBE4"
    }, {
      "direction" : {
        "x" : -1.0,
        "y" : 0.0,
        "z" : 0.0
      },
      "color" : "#E4E4EB"
    }, {
      "direction" : {
        "x" : 0.0,
        "y" : 0.0,
        "z" : -1.0
      },
      "color" : "#1E1E1E"
    } ]
  },
  "camera" : {
    "width" : 72.9936,
    "stereo" : false,
    "viewDistance" : 162.208,
    "nearClipDistance" : 0.40551996,
    "farClipDistance" : 324.41595,
    "lookAtPoint" : {
      "x" : 0.0,
      "y" : 0.0,
      "z" : 0.0
    },
    "fieldOfView" : 0.4426289,
    "perspective" : false,
    "lookDirection" : {
      "x" : -0.5257311,
      "y" : 0.0,
      "z" : -0.8506508
    },
    "upDirection" : {
      "x" : -0.26286557,
      "y" : 0.9510565,
      "z" : 0.16245985
    },
    "position" : {
      "x" : 85.27779,
      "y" : 0.0,
      "z" : 137.98236
    }
  },
  "embedding" : [ 1.0, 0.0, 0.0, 0.0, 0.0, 1.0, 0.0, 0.0, 0.0, 0.0, 1.0, 0.0, 0.0, 0.0, 0.0, 1.0 ],
  "shapes" : [ {
    "id" : "1c21f227-9c30-4420-b187-dc5b680759cb",
    "vertices" : [ {
      "x" : 20.983274,
      "y" : -0.12200299,
      "z" : -0.13640349
    }, {
      "x" : 21.021286,
      "y" : -0.13409427,
      "z" : -0.09265686
    }, {
      "x" : 20.983274,
      "y" : -0.15365835,
      "z" : -0.09265686
    }, {
      "x" : 20.983274,
      "y" : 0.0,
      "z" : -0.18762293
    }, {
      "x" : 20.233664,
      "y" : 0.3254536,
      "z" : 0.19625036
    }, {
      "x" : 1.1590537,
      "y" : 0.0,
      "z" : -0.17553167
    }, {
      "x" : 1.1590537,
      "y" : -0.13409427,
      "z" : -0.09265686
    }, {
      "x" : 0.618034,
      "y" : -0.13409427,
      "z" : -0.09265686
    }, {
      "x" : 0.618034,
      "y" : 0.0,
      "z" : -0.17553167
    }, {
      "x" : 1.1970663,
      "y" : -0.12200299,
      "z" : 0.13640349
    }, {
      "x" : 1.1590537,
      "y" : -0.13409427,
      "z" : 0.09265686
    }, {
      "x" : 1.1970663,
      "y" : -0.15365835,
      "z" : 0.09265686
    }, {
      "x" : 20.233664,
      "y" : -0.36689103,
      "z" : 0.087765835
    }, {
      "x" : 20.233664,
      "y" : -0.3254536,
      "z" : 0.19625036
    }, {
      "x" : 1.946676,
      "y" : -0.3254536,
      "z" : 0.19625036
    }, {
      "x" : 1.946676,
      "y" : -0.36689103,
      "z" : 0.087765835
    }, {
      "x" : 20.233664,
      "y" : -0.36689103,
      "z" : -0.087765835
    }, {
      "x" : 1.1590537,
      "y" : 0.0,
      "z" : 0.17553167
    }, {
      "x" : 0.618034,
      "y" : 0.0,
      "z" : 0.17553167
    }, {
      "x" : 0.618034,
      "y" : -0.13409427,
      "z" : 0.09265686
    }, {
      "x" : 1.946676,
      "y" : -0.2584065,
      "z" : 0.28890723
    }, {
      "x" : 20.233664,
      "y" : 0.0,
      "z" : -0.39739177
    }, {
      "x" : 20.983274,
      "y" : 0.07078354,
      "z" : -0.16805886
    }, {
      "x" : 1.1590537,
      "y" : 0.13409427,
      "z" : 0.09265686
    }, {
      "x" : 0.618034,
      "y" : 0.13409427,
      "z" : 0.09265686
    }, {
      "x" : 20.233664,
      "y" : 0.2584065,
      "z" : 0.28890723
    }, {
      "x" : 1.1970663,
      "y" : 0.17322244,
      "z" : -0.041437406
    }, {
      "x" : 1.1970663,
      "y" : 0.17322244,
      "z" : 0.041437406
    }, {
      "x" : 1.946676,
      "y" : 0.36689103,
      "z" : 0.087765835
    }, {
      "x" : 1.946676,
      "y" : 0.36689103,
      "z" : -0.087765835
    }, {
      "x" : 20.983274,
      "y" : -0.17322244,
      "z" : -0.041437406
    }, {
      "x" : 20.233664,
      "y" : -0.3254536,
      "z" : -0.19625036
    }, {
      "x" : 1.1970663,
      "y" : 0.15365835,
      "z" : -0.09265686
    }, {
      "x" : 1.1590537,
      "y" : 0.13409427,
      "z" : -0.09265686
    }, {
      "x" : 20.983274,
      "y" : 0.07078354,
      "z" : 0.16805886
    }, {
      "x" : 20.983274,
      "y" : 0.12200299,
      "z" : 0.13640349
    }, {
      "x" : 20.233664,
      "y" : 0.14992194,
      "z" : 0.35595435
    }, {
      "x" : 20.983274,
      "y" : -0.15365835,
      "z" : 0.09265686
    }, {
      "x" : 1.1970663,
      "y" : 0.12200299,
      "z" : -0.13640349
    }, {
      "x" : 20.233664,
      "y" : -0.14992194,
      "z" : 0.35595435
    }, {
      "x" : 20.233664,
      "y" : 0.0,
      "z" : 0.39739177
    }, {
      "x" : 1.946676,
      "y" : 0.0,
      "z" : 0.39739177
    }, {
      "x" : 1.946676,
      "y" : -0.14992194,
      "z" : 0.35595435
    }, {
      "x" : 1.1970663,
      "y" : -0.07078354,
      "z" : -0.16805886
    }, {
      "x" : 1.1970663,
      "y" : 0.0,
      "z" : -0.18762293
    }, {
      "x" : 1.1970663,
      "y" : 0.12200299,
      "z" : 0.13640349
    }, {
      "x" : 1.1970663,
      "y" : 0.07078354,
      "z" : 0.16805886
    }, {
      "x" : 20.983274,
      "y" : -0.07078354,
      "z" : -0.16805886
    }, {
      "x" : 20.233664,
      "y" : -0.2584065,
      "z" : -0.28890723
    }, {
      "x" : 20.233664,
      "y" : -0.14992194,
      "z" : -0.35595435
    }, {
      "x" : 20.983274,
      "y" : 0.17322244,
      "z" : 0.041437406
    }, {
      "x" : 20.983274,
      "y" : 0.17322244,
      "z" : -0.041437406
    }, {
      "x" : 20.233664,
      "y" : 0.36689103,
      "z" : -0.087765835
    }, {
      "x" : 20.233664,
      "y" : 0.36689103,
      "z" : 0.087765835
    }, {
      "x" : 21.021286,
      "y" : 0.0,
      "z" : -0.17553167
    }, {
      "x" : 21.562305,
      "y" : 0.0,
      "z" : -0.17553167
    }, {
      "x" : 21.562305,
      "y" : -0.13409427,
      "z" : -0.09265686
    }, {
      "x" : 20.983274,
      "y" : -0.07078354,
      "z" : 0.16805886
    }, {
      "x" : 21.562305,
      "y" : 0.0,
      "z" : 0.17553167
    }, {
      "x" : 1.946676,
      "y" : -0.36689103,
      "z" : -0.087765835
    }, {
      "x" : 1.946676,
      "y" : -0.3254536,
      "z" : -0.19625036
    }, {
      "x" : 20.983274,
      "y" : -0.17322244,
      "z" : 0.041437406
    }, {
      "x" : 21.021286,
      "y" : 0.13409427,
      "z" : 0.09265686
    }, {
      "x" : 21.021286,
      "y" : 0.13409427,
      "z" : -0.09265686
    }, {
      "x" : 20.233664,
      "y" : 0.14992194,
      "z" : -0.35595435
    }, {
      "x" : 20.233664,
      "y" : -0.2584065,
      "z" : 0.28890723
    }, {
      "x" : 20.983274,
      "y" : -0.12200299,
      "z" : 0.13640349
    }, {
      "x" : 1.1970663,
      "y" : 0.07078354,
      "z" : -0.16805886
    }, {
      "x" : 1.1970663,
      "y" : 0.0,
      "z" : 0.18762293
    }, {
      "x" : 1.1970663,
      "y" : -0.07078354,
      "z" : 0.16805886
    }, {
      "x" : 1.1970663,
      "y" : 0.15365835,
      "z" : 0.09265686
    }, {
      "x" : 1.1970663,
      "y" : -0.17322244,
      "z" : 0.041437406
    }, {
      "x" : 1.946676,
      "y" : 0.14992194,
      "z" : -0.35595435
    }, {
      "x" : 1.946676,
      "y" : 0.0,
      "z" : -0.39739177
    }, {
      "x" : 21.021286,
      "y" : -0.13409427,
      "z" : 0.09265686
    }, {
      "x" : 21.562305,
      "y" : -0.13409427,
      "z" : 0.09265686
    }, {
      "x" : 1.1970663,
      "y" : -0.12200299,
      "z" : -0.13640349
    }, {
      "x" : 20.983274,
      "y" : 0.12200299,
      "z" : -0.13640349
    }, {
      "x" : 20.233664,
      "y" : 0.2584065,
      "z" : -0.28890723
    }, {
      "x" : 20.233664,
      "y" : 0.3254536,
      "z" : -0.19625036
    }, {
      "x" : 20.983274,
      "y" : 0.15365835,
      "z" : -0.09265686
    }, {
      "x" : 21.021286,
      "y" : 0.0,
      "z" : 0.17553167
    }, {
      "x" : 21.562305,
      "y" : 0.13409427,
      "z" : 0.09265686
    }, {
      "x" : 22.18034,
      "y" : 0.0,
      "z" : 0.0
    }, {
      "x" : 1.946676,
      "y" : 0.2584065,
      "z" : 0.28890723
    }, {
      "x" : 1.946676,
      "y" : 0.14992194,
      "z" : 0.35595435
    }, {
      "x" : 20.983274,
      "y" : 0.15365835,
      "z" : 0.09265686
    }, {
      "x" : 20.983274,
      "y" : 0.0,
      "z" : 0.18762293
    }, {
      "x" : 1.946676,
      "y" : -0.2584065,
      "z" : -0.28890723
    }, {
      "x" : 1.1970663,
      "y" : -0.15365835,
      "z" : -0.09265686
    }, {
      "x" : 1.1970663,
      "y" : -0.17322244,
      "z" : -0.041437406
    }, {
      "x" : 14.905271,
      "y" : 0.0,
      "z" : 0.0
    }, {
      "x" : 1.946676,
      "y" : 0.3254536,
      "z" : -0.19625036
    }, {
      "x" : 1.946676,
      "y" : 0.2584065,
      "z" : -0.28890723
    }, {
      "x" : 1.946676,
      "y" : -0.14992194,
      "z" : -0.35595435
    }, {
      "x" : 21.562305,
      "y" : 0.13409427,
      "z" : -0.09265686
    }, {
      "x" : 0.618034,
      "y" : 0.13409427,
      "z" : -0.09265686
    }, {
      "x" : 1.946676,
      "y" : 0.3254536,
      "z" : 0.19625036
    } ],
    "faces" : [ {
      "vertices" : [ 44, 67, 72 ]
    }, {
      "vertices" : [ 44, 72, 73 ]
    }, {
      "vertices" : [ 0, 1, 2 ]
    }, {
      "vertices" : [ 45, 46, 85 ]
    }, {
      "vertices" : [ 45, 85, 84 ]
    }, {
      "vertices" : [ 51, 80, 79 ]
    }, {
      "vertices" : [ 51, 79, 52 ]
    }, {
      "vertices" : [ 54, 63, 95 ]
    }, {
      "vertices" : [ 54, 95, 55 ]
    }, {
      "vertices" : [ 38, 93, 72 ]
    }, {
      "vertices" : [ 38, 72, 67 ]
    }, {
      "vertices" : [ 57, 66, 74 ]
    }, {
      "vertices" : [ 57, 74, 81 ]
    }, {
      "vertices" : [ 48, 88, 94 ]
    }, {
      "vertices" : [ 48, 94, 49 ]
    }, {
      "vertices" : [ 5, 6, 7 ]
    }, {
      "vertices" : [ 5, 7, 8 ]
    }, {
      "vertices" : [ 58, 82, 62 ]
    }, {
      "vertices" : [ 58, 62, 81 ]
    }, {
      "vertices" : [ 9, 10, 11 ]
    }, {
      "vertices" : [ 58, 81, 74 ]
    }, {
      "vertices" : [ 58, 74, 75 ]
    }, {
      "vertices" : [ 1, 30, 2 ]
    }, {
      "vertices" : [ 45, 84, 97 ]
    }, {
      "vertices" : [ 45, 97, 70 ]
    }, {
      "vertices" : [ 6, 10, 19 ]
    }, {
      "vertices" : [ 6, 19, 7 ]
    }, {
      "vertices" : [ 59, 90, 89 ]
    }, {
      "vertices" : [ 59, 89, 60 ]
    }, {
      "vertices" : [ 43, 94, 88 ]
    }, {
      "vertices" : [ 43, 88, 76 ]
    }, {
      "vertices" : [ 62, 82, 95 ]
    }, {
      "vertices" : [ 62, 95, 63 ]
    }, {
      "vertices" : [ 64, 72, 93 ]
    }, {
      "vertices" : [ 64, 93, 78 ]
    }, {
      "vertices" : [ 12, 13, 14 ]
    }, {
      "vertices" : [ 12, 14, 15 ]
    }, {
      "vertices" : [ 9, 11, 14 ]
    }, {
      "vertices" : [ 9, 14, 20 ]
    }, {
      "vertices" : [ 60, 89, 76 ]
    }, {
      "vertices" : [ 60, 76, 88 ]
    }, {
      "vertices" : [ 77, 78, 79 ]
    }, {
      "vertices" : [ 77, 79, 80 ]
    }, {
      "vertices" : [ 10, 17, 18 ]
    }, {
      "vertices" : [ 10, 18, 19 ]
    }, {
      "vertices" : [ 2, 30, 16 ]
    }, {
      "vertices" : [ 2, 16, 31 ]
    }, {
      "vertices" : [ 3, 22, 54 ]
    }, {
      "vertices" : [ 0, 2, 31 ]
    }, {
      "vertices" : [ 0, 31, 48 ]
    }, {
      "vertices" : [ 17, 23, 24 ]
    }, {
      "vertices" : [ 17, 24, 18 ]
    }, {
      "vertices" : [ 78, 93, 92 ]
    }, {
      "vertices" : [ 78, 92, 79 ]
    }, {
      "vertices" : [ 26, 32, 33 ]
    }, {
      "vertices" : [ 5, 44, 43 ]
    }, {
      "vertices" : [ 10, 71, 11 ]
    }, {
      "vertices" : [ 0, 47, 54 ]
    }, {
      "vertices" : [ 0, 54, 1 ]
    }, {
      "vertices" : [ 12, 15, 59 ]
    }, {
      "vertices" : [ 12, 59, 16 ]
    }, {
      "vertices" : [ 32, 38, 33 ]
    }, {
      "vertices" : [ 3, 54, 47 ]
    }, {
      "vertices" : [ 9, 69, 17 ]
    }, {
      "vertices" : [ 9, 17, 10 ]
    }, {
      "vertices" : [ 23, 27, 26 ]
    }, {
      "vertices" : [ 23, 26, 33 ]
    }, {
      "vertices" : [ 26, 27, 28 ]
    }, {
      "vertices" : [ 26, 28, 29 ]
    }, {
      "vertices" : [ 3, 21, 64 ]
    }, {
      "vertices" : [ 3, 64, 22 ]
    }, {
      "vertices" : [ 11, 71, 15 ]
    }, {
      "vertices" : [ 11, 15, 14 ]
    }, {
      "vertices" : [ 13, 65, 20 ]
    }, {
      "vertices" : [ 13, 20, 14 ]
    }, {
      "vertices" : [ 5, 67, 44 ]
    }, {
      "vertices" : [ 12, 16, 30 ]
    }, {
      "vertices" : [ 12, 30, 61 ]
    }, {
      "vertices" : [ 23, 70, 27 ]
    }, {
      "vertices" : [ 3, 47, 49 ]
    }, {
      "vertices" : [ 3, 49, 21 ]
    }, {
      "vertices" : [ 12, 61, 37 ]
    }, {
      "vertices" : [ 12, 37, 13 ]
    }, {
      "vertices" : [ 25, 36, 34 ]
    }, {
      "vertices" : [ 25, 34, 35 ]
    }, {
      "vertices" : [ 5, 43, 76 ]
    }, {
      "vertices" : [ 5, 76, 6 ]
    }, {
      "vertices" : [ 17, 46, 45 ]
    }, {
      "vertices" : [ 17, 45, 23 ]
    }, {
      "vertices" : [ 17, 68, 46 ]
    }, {
      "vertices" : [ 23, 45, 70 ]
    }, {
      "vertices" : [ 9, 20, 42 ]
    }, {
      "vertices" : [ 9, 42, 69 ]
    }, {
      "vertices" : [ 5, 8, 96 ]
    }, {
      "vertices" : [ 5, 96, 33 ]
    }, {
      "vertices" : [ 5, 33, 38 ]
    }, {
      "vertices" : [ 5, 38, 67 ]
    }, {
      "vertices" : [ 0, 48, 49 ]
    }, {
      "vertices" : [ 0, 49, 47 ]
    }, {
      "vertices" : [ 4, 25, 35 ]
    }, {
      "vertices" : [ 4, 35, 86 ]
    }, {
      "vertices" : [ 17, 69, 68 ]
    }, {
      "vertices" : [ 39, 40, 41 ]
    }, {
      "vertices" : [ 39, 41, 42 ]
    }, {
      "vertices" : [ 28, 53, 52 ]
    }, {
      "vertices" : [ 28, 52, 29 ]
    }, {
      "vertices" : [ 1, 54, 55 ]
    }, {
      "vertices" : [ 1, 55, 56 ]
    }, {
      "vertices" : [ 16, 59, 60 ]
    }, {
      "vertices" : [ 16, 60, 31 ]
    }, {
      "vertices" : [ 1, 74, 61 ]
    }, {
      "vertices" : [ 1, 61, 30 ]
    }, {
      "vertices" : [ 20, 65, 39 ]
    }, {
      "vertices" : [ 20, 39, 42 ]
    }, {
      "vertices" : [ 6, 76, 89 ]
    }, {
      "vertices" : [ 37, 61, 74 ]
    }, {
      "vertices" : [ 23, 33, 96 ]
    }, {
      "vertices" : [ 23, 96, 24 ]
    }, {
      "vertices" : [ 37, 74, 66 ]
    }, {
      "vertices" : [ 6, 90, 71 ]
    }, {
      "vertices" : [ 6, 71, 10 ]
    }, {
      "vertices" : [ 26, 29, 92 ]
    }, {
      "vertices" : [ 26, 92, 32 ]
    }, {
      "vertices" : [ 13, 37, 66 ]
    }, {
      "vertices" : [ 13, 66, 65 ]
    }, {
      "vertices" : [ 4, 53, 28 ]
    }, {
      "vertices" : [ 4, 28, 97 ]
    }, {
      "vertices" : [ 35, 62, 86 ]
    }, {
      "vertices" : [ 6, 89, 90 ]
    }, {
      "vertices" : [ 4, 86, 50 ]
    }, {
      "vertices" : [ 4, 50, 53 ]
    }, {
      "vertices" : [ 51, 63, 80 ]
    }, {
      "vertices" : [ 34, 36, 40 ]
    }, {
      "vertices" : [ 34, 40, 87 ]
    }, {
      "vertices" : [ 50, 86, 62 ]
    }, {
      "vertices" : [ 34, 87, 81 ]
    }, {
      "vertices" : [ 36, 85, 41 ]
    }, {
      "vertices" : [ 36, 41, 40 ]
    }, {
      "vertices" : [ 50, 51, 52 ]
    }, {
      "vertices" : [ 50, 52, 53 ]
    }, {
      "vertices" : [ 1, 56, 75 ]
    }, {
      "vertices" : [ 1, 75, 74 ]
    }, {
      "vertices" : [ 4, 97, 84 ]
    }, {
      "vertices" : [ 4, 84, 25 ]
    }, {
      "vertices" : [ 34, 81, 62 ]
    }, {
      "vertices" : [ 34, 62, 35 ]
    }, {
      "vertices" : [ 22, 77, 63 ]
    }, {
      "vertices" : [ 22, 63, 54 ]
    }, {
      "vertices" : [ 41, 68, 69 ]
    }, {
      "vertices" : [ 41, 69, 42 ]
    }, {
      "vertices" : [ 63, 77, 80 ]
    }, {
      "vertices" : [ 27, 70, 97 ]
    }, {
      "vertices" : [ 27, 97, 28 ]
    }, {
      "vertices" : [ 39, 57, 87 ]
    }, {
      "vertices" : [ 39, 87, 40 ]
    }, {
      "vertices" : [ 57, 81, 87 ]
    }, {
      "vertices" : [ 50, 62, 63 ]
    }, {
      "vertices" : [ 50, 63, 51 ]
    }, {
      "vertices" : [ 39, 65, 66 ]
    }, {
      "vertices" : [ 39, 66, 57 ]
    }, {
      "vertices" : [ 31, 60, 88 ]
    }, {
      "vertices" : [ 31, 88, 48 ]
    }, {
      "vertices" : [ 25, 84, 85 ]
    }, {
      "vertices" : [ 25, 85, 36 ]
    }, {
      "vertices" : [ 21, 73, 72 ]
    }, {
      "vertices" : [ 21, 72, 64 ]
    }, {
      "vertices" : [ 15, 71, 90 ]
    }, {
      "vertices" : [ 15, 90, 59 ]
    }, {
      "vertices" : [ 21, 49, 94 ]
    }, {
      "vertices" : [ 21, 94, 73 ]
    }, {
      "vertices" : [ 41, 85, 46 ]
    }, {
      "vertices" : [ 41, 46, 68 ]
    }, {
      "vertices" : [ 22, 64, 78 ]
    }, {
      "vertices" : [ 22, 78, 77 ]
    }, {
      "vertices" : [ 29, 52, 79 ]
    }, {
      "vertices" : [ 29, 79, 92 ]
    }, {
      "vertices" : [ 43, 44, 73 ]
    }, {
      "vertices" : [ 43, 73, 94 ]
    }, {
      "vertices" : [ 32, 92, 93 ]
    }, {
      "vertices" : [ 32, 93, 38 ]
    } ]
  }, {
    "id" : "64aefddb-0e7d-4695-819e-2751346fdf9a",
    "vertices" : [ {
      "x" : -0.24701338,
      "y" : -0.27996942,
      "z" : 0.16667666
    }, {
      "x" : -0.22531646,
      "y" : -0.28509134,
      "z" : 0.18837357
    }, {
      "x" : -0.33357716,
      "y" : -0.46026084,
      "z" : 0.25528234
    }, {
      "x" : -0.35527405,
      "y" : -0.4551389,
      "z" : 0.23358543
    }, {
      "x" : 0.40151262,
      "y" : 0.029984389,
      "z" : 0.07119087
    }, {
      "x" : 0.618034,
      "y" : 0.029984389,
      "z" : 0.07119087
    }, {
      "x" : 0.618034,
      "y" : 0.0,
      "z" : 0.07947835
    }, {
      "x" : 0.40151262,
      "y" : 0.0,
      "z" : 0.07947835
    }, {
      "x" : 0.203015,
      "y" : 0.3511603,
      "z" : -0.051487405
    }, {
      "x" : 0.17619614,
      "y" : 0.3645697,
      "z" : -0.059774883
    }, {
      "x" : 0.28445682,
      "y" : 0.5397392,
      "z" : -0.12668367
    }, {
      "x" : 0.3112757,
      "y" : 0.52632976,
      "z" : -0.118396185
    }, {
      "x" : 0.5314517,
      "y" : 0.2134713,
      "z" : -0.24422856
    }, {
      "x" : 0.5397392,
      "y" : 0.19177438,
      "z" : -0.24422856
    }, {
      "x" : 0.3645697,
      "y" : 0.12486561,
      "z" : -0.13596787
    }, {
      "x" : 0.35628223,
      "y" : 0.14656252,
      "z" : -0.13596787
    }, {
      "x" : 0.14681633,
      "y" : 0.33872905,
      "z" : 0.17496413
    }, {
      "x" : 0.13596787,
      "y" : 0.35628223,
      "z" : 0.14656252
    }, {
      "x" : 0.24422856,
      "y" : 0.5314517,
      "z" : 0.2134713
    }, {
      "x" : 0.255077,
      "y" : 0.51389855,
      "z" : 0.24187292
    }, {
      "x" : 0.3511603,
      "y" : 0.051487405,
      "z" : -0.203015
    }, {
      "x" : 0.3645697,
      "y" : 0.059774883,
      "z" : -0.17619614
    }, {
      "x" : 0.5397392,
      "y" : 0.12668367,
      "z" : -0.28445682
    }, {
      "x" : 0.52632976,
      "y" : 0.118396185,
      "z" : -0.3112757
    }, {
      "x" : -0.29850078,
      "y" : 0.19666104,
      "z" : 0.19849762
    }, {
      "x" : -0.28509134,
      "y" : 0.18837357,
      "z" : 0.22531646
    }, {
      "x" : -0.46026084,
      "y" : 0.25528234,
      "z" : 0.33357716
    }, {
      "x" : -0.47367024,
      "y" : 0.26356983,
      "z" : 0.3067583
    }, {
      "x" : 0.051487405,
      "y" : 0.22471191,
      "z" : 0.33775085
    }, {
      "x" : 0.118396185,
      "y" : 0.3329726,
      "z" : 0.5129203
    }, {
      "x" : 0.118396185,
      "y" : 0.3112757,
      "z" : 0.52632976
    }, {
      "x" : 0.051487405,
      "y" : 0.203015,
      "z" : 0.3511603
    }, {
      "x" : 0.33872905,
      "y" : -0.17496413,
      "z" : 0.14681633
    }, {
      "x" : 0.32531965,
      "y" : -0.18837357,
      "z" : 0.16022575
    }, {
      "x" : 0.5004891,
      "y" : -0.25528234,
      "z" : 0.26848644
    }, {
      "x" : 0.51389855,
      "y" : -0.24187292,
      "z" : 0.255077
    }, {
      "x" : 0.40151262,
      "y" : -0.06509072,
      "z" : -0.039250076
    }, {
      "x" : 0.40151262,
      "y" : -0.073378205,
      "z" : -0.017553167
    }, {
      "x" : 0.618034,
      "y" : -0.073378205,
      "z" : -0.017553167
    }, {
      "x" : 0.618034,
      "y" : -0.06509072,
      "z" : -0.039250076
    }, {
      "x" : 0.0,
      "y" : -0.618034,
      "z" : 0.38196602
    }, {
      "x" : -0.23606798,
      "y" : -0.618034,
      "z" : 0.0
    }, {
      "x" : -0.07947835,
      "y" : -0.618034,
      "z" : 0.0
    }, {
      "x" : -0.07119087,
      "y" : -0.618034,
      "z" : 0.029984389
    }, {
      "x" : -0.057781447,
      "y" : -0.618034,
      "z" : 0.051681295
    }, {
      "x" : -0.039250076,
      "y" : -0.618034,
      "z" : 0.06509072
    }, {
      "x" : -0.017553167,
      "y" : -0.618034,
      "z" : 0.073378205
    }, {
      "x" : 0.40151262,
      "y" : 0.073378205,
      "z" : -0.017553167
    }, {
      "x" : 0.40151262,
      "y" : 0.06509072,
      "z" : -0.039250076
    }, {
      "x" : 0.618034,
      "y" : 0.06509072,
      "z" : -0.039250076
    }, {
      "x" : 0.618034,
      "y" : 0.073378205,
      "z" : -0.017553167
    }, {
      "x" : 0.32434142,
      "y" : -0.059774883,
      "z" : 0.24128687
    }, {
      "x" : 0.33775085,
      "y" : -0.051487405,
      "z" : 0.22471191
    }, {
      "x" : 0.5129203,
      "y" : -0.118396185,
      "z" : 0.3329726
    }, {
      "x" : 0.49951088,
      "y" : -0.12668367,
      "z" : 0.34954756
    }, {
      "x" : 0.18837357,
      "y" : 0.16022575,
      "z" : 0.32531965
    }, {
      "x" : 0.17496413,
      "y" : 0.14681633,
      "z" : 0.33872905
    }, {
      "x" : 0.24187292,
      "y" : 0.255077,
      "z" : 0.51389855
    }, {
      "x" : 0.25528234,
      "y" : 0.26848644,
      "z" : 0.5004891
    }, {
      "x" : 0.37380543,
      "y" : 0.4685483,
      "z" : -0.16849472
    }, {
      "x" : 0.37380543,
      "y" : 0.46026084,
      "z" : -0.19019163
    }, {
      "x" : 0.26554474,
      "y" : 0.28509134,
      "z" : -0.123282835
    }, {
      "x" : 0.26554474,
      "y" : 0.29337883,
      "z" : -0.10158593
    }, {
      "x" : 0.38196602,
      "y" : 0.0,
      "z" : 0.618034
    }, {
      "x" : 0.2134713,
      "y" : 0.24422856,
      "z" : 0.5314517
    }, {
      "x" : 0.19177438,
      "y" : 0.24422856,
      "z" : 0.5397392
    }, {
      "x" : 0.17007749,
      "y" : 0.2493505,
      "z" : 0.54486114
    }, {
      "x" : 0.14838058,
      "y" : 0.26275992,
      "z" : 0.54486114
    }, {
      "x" : 0.12668367,
      "y" : 0.28445682,
      "z" : 0.5397392
    }, {
      "x" : 0.0,
      "y" : 0.23606798,
      "z" : 0.618034
    }, {
      "x" : 0.32434142,
      "y" : 0.059774883,
      "z" : 0.24128687
    }, {
      "x" : 0.49951088,
      "y" : 0.12668367,
      "z" : 0.34954756
    }, {
      "x" : 0.5129203,
      "y" : 0.118396185,
      "z" : 0.3329726
    }, {
      "x" : 0.33775085,
      "y" : 0.051487405,
      "z" : 0.22471191
    }, {
      "x" : 0.017553167,
      "y" : -0.40151262,
      "z" : -0.073378205
    }, {
      "x" : -0.017553167,
      "y" : -0.40151262,
      "z" : -0.073378205
    }, {
      "x" : -0.017553167,
      "y" : -0.618034,
      "z" : -0.073378205
    }, {
      "x" : 0.017553167,
      "y" : -0.618034,
      "z" : -0.073378205
    }, {
      "x" : 0.13596787,
      "y" : -0.3645697,
      "z" : -0.12486561
    }, {
      "x" : 0.14108981,
      "y" : -0.36969164,
      "z" : -0.103168696
    }, {
      "x" : 0.2493505,
      "y" : -0.54486114,
      "z" : -0.17007749
    }, {
      "x" : 0.24422856,
      "y" : -0.5397392,
      "z" : -0.19177438
    }, {
      "x" : 0.059774883,
      "y" : -0.24128687,
      "z" : 0.32434142
    }, {
      "x" : 0.051487405,
      "y" : -0.22471191,
      "z" : 0.33775085
    }, {
      "x" : 0.118396185,
      "y" : -0.3329726,
      "z" : 0.5129203
    }, {
      "x" : 0.12668367,
      "y" : -0.34954756,
      "z" : 0.49951088
    }, {
      "x" : -0.38196602,
      "y" : 0.0,
      "z" : 0.618034
    }, {
      "x" : -0.2134713,
      "y" : 0.24422856,
      "z" : 0.5314517
    }, {
      "x" : -0.24187292,
      "y" : 0.255077,
      "z" : 0.51389855
    }, {
      "x" : -0.25528234,
      "y" : 0.26848644,
      "z" : 0.5004891
    }, {
      "x" : -0.26356983,
      "y" : 0.2850614,
      "z" : 0.48707968
    }, {
      "x" : -0.26356983,
      "y" : 0.3067583,
      "z" : 0.47367024
    }, {
      "x" : -0.25528234,
      "y" : 0.33357716,
      "z" : 0.46026084
    }, {
      "x" : -0.38196602,
      "y" : 0.38196602,
      "z" : 0.38196602
    }, {
      "x" : 0.15449923,
      "y" : -0.36969164,
      "z" : -0.08147179
    }, {
      "x" : 0.26275992,
      "y" : -0.54486114,
      "z" : -0.14838058
    }, {
      "x" : 0.16022575,
      "y" : 0.32531965,
      "z" : -0.18837357
    }, {
      "x" : 0.17680071,
      "y" : 0.3119102,
      "z" : -0.19666104
    }, {
      "x" : 0.2850614,
      "y" : 0.48707968,
      "z" : -0.26356983
    }, {
      "x" : 0.26848644,
      "y" : 0.5004891,
      "z" : -0.25528234
    }, {
      "x" : 0.40151262,
      "y" : 0.029984389,
      "z" : -0.07119087
    }, {
      "x" : 0.40151262,
      "y" : 0.0,
      "z" : -0.07947835
    }, {
      "x" : 0.618034,
      "y" : 0.0,
      "z" : -0.07947835
    }, {
      "x" : 0.618034,
      "y" : 0.029984389,
      "z" : -0.07119087
    }, {
      "x" : -0.08147179,
      "y" : 0.15449923,
      "z" : 0.36969164
    }, {
      "x" : -0.14838058,
      "y" : 0.26275992,
      "z" : 0.54486114
    }, {
      "x" : -0.12668367,
      "y" : 0.28445682,
      "z" : 0.5397392
    }, {
      "x" : -0.059774883,
      "y" : 0.17619614,
      "z" : 0.3645697
    }, {
      "x" : -0.14497975,
      "y" : -0.2604228,
      "z" : -0.27996942
    }, {
      "x" : -0.21188852,
      "y" : -0.3686835,
      "z" : -0.4551389
    }, {
      "x" : -0.23358543,
      "y" : -0.35527405,
      "z" : -0.4551389
    }, {
      "x" : -0.16667666,
      "y" : -0.24701338,
      "z" : -0.27996942
    }, {
      "x" : 0.059774883,
      "y" : -0.24128687,
      "z" : -0.32434142
    }, {
      "x" : 0.12668367,
      "y" : -0.34954756,
      "z" : -0.49951088
    }, {
      "x" : 0.118396185,
      "y" : -0.3329726,
      "z" : -0.5129203
    }, {
      "x" : 0.051487405,
      "y" : -0.22471191,
      "z" : -0.33775085
    }, {
      "x" : -0.40151262,
      "y" : 0.051681295,
      "z" : 0.057781447
    }, {
      "x" : -0.40151262,
      "y" : 0.029984389,
      "z" : 0.07119087
    }, {
      "x" : -0.618034,
      "y" : 0.029984389,
      "z" : 0.07119087
    }, {
      "x" : -0.618034,
      "y" : 0.051681295,
      "z" : 0.057781447
    }, {
      "x" : -0.10158593,
      "y" : -0.26554474,
      "z" : -0.29337883
    }, {
      "x" : -0.123282835,
      "y" : -0.26554474,
      "z" : -0.28509134
    }, {
      "x" : -0.18837357,
      "y" : -0.22531646,
      "z" : -0.28509134
    }, {
      "x" : -0.19666104,
      "y" : -0.19849762,
      "z" : -0.29850078
    }, {
      "x" : -0.19666104,
      "y" : -0.17680071,
      "z" : -0.3119102
    }, {
      "x" : -0.18837357,
      "y" : -0.16022575,
      "z" : -0.32531965
    }, {
      "x" : -0.17496413,
      "y" : -0.14681633,
      "z" : -0.33872905
    }, {
      "x" : -0.14656252,
      "y" : -0.13596787,
      "z" : -0.35628223
    }, {
      "x" : -0.12486561,
      "y" : -0.13596787,
      "z" : -0.3645697
    }, {
      "x" : -0.103168696,
      "y" : -0.14108981,
      "z" : -0.36969164
    }, {
      "x" : -0.08147179,
      "y" : -0.15449923,
      "z" : -0.36969164
    }, {
      "x" : -0.059774883,
      "y" : -0.17619614,
      "z" : -0.3645697
    }, {
      "x" : -0.051487405,
      "y" : -0.203015,
      "z" : -0.3511603
    }, {
      "x" : -0.051487405,
      "y" : -0.22471191,
      "z" : -0.33775085
    }, {
      "x" : -0.059774883,
      "y" : -0.24128687,
      "z" : -0.32434142
    }, {
      "x" : -0.07318431,
      "y" : -0.2546963,
      "z" : -0.310932
    }, {
      "x" : 0.2546963,
      "y" : 0.310932,
      "z" : -0.07318431
    }, {
      "x" : 0.36295697,
      "y" : 0.48610148,
      "z" : -0.14009309
    }, {
      "x" : 0.203015,
      "y" : 0.3511603,
      "z" : 0.051487405
    }, {
      "x" : 0.3112757,
      "y" : 0.52632976,
      "z" : 0.118396185
    }, {
      "x" : 0.28445682,
      "y" : 0.5397392,
      "z" : 0.12668367
    }, {
      "x" : 0.17619614,
      "y" : 0.3645697,
      "z" : 0.059774883
    }, {
      "x" : 0.08147179,
      "y" : -0.15449923,
      "z" : 0.36969164
    }, {
      "x" : 0.14838058,
      "y" : -0.26275992,
      "z" : 0.54486114
    }, {
      "x" : 0.12668367,
      "y" : -0.28445682,
      "z" : 0.5397392
    }, {
      "x" : 0.059774883,
      "y" : -0.17619614,
      "z" : 0.3645697
    }, {
      "x" : -0.24128687,
      "y" : -0.32434142,
      "z" : 0.059774883
    }, {
      "x" : -0.34954756,
      "y" : -0.49951088,
      "z" : 0.12668367
    }, {
      "x" : -0.3329726,
      "y" : -0.5129203,
      "z" : 0.118396185
    }, {
      "x" : -0.22471191,
      "y" : -0.33775085,
      "z" : 0.051487405
    }, {
      "x" : 0.40151262,
      "y" : 0.073378205,
      "z" : 0.017553167
    }, {
      "x" : 0.618034,
      "y" : 0.073378205,
      "z" : 0.017553167
    }, {
      "x" : -0.07318431,
      "y" : 0.2546963,
      "z" : 0.310932
    }, {
      "x" : -0.059774883,
      "y" : 0.24128687,
      "z" : 0.32434142
    }, {
      "x" : -0.12668367,
      "y" : 0.34954756,
      "z" : 0.49951088
    }, {
      "x" : -0.14009309,
      "y" : 0.36295697,
      "z" : 0.48610148
    }, {
      "x" : 0.27996942,
      "y" : -0.14497975,
      "z" : 0.2604228
    }, {
      "x" : 0.4551389,
      "y" : -0.21188852,
      "z" : 0.3686835
    }, {
      "x" : 0.4551389,
      "y" : -0.23358543,
      "z" : 0.35527405
    }, {
      "x" : 0.27996942,
      "y" : -0.16667666,
      "z" : 0.24701338
    }, {
      "x" : 0.039250076,
      "y" : 0.40151262,
      "z" : -0.06509072
    }, {
      "x" : 0.057781447,
      "y" : 0.40151262,
      "z" : -0.051681295
    }, {
      "x" : 0.057781447,
      "y" : 0.618034,
      "z" : -0.051681295
    }, {
      "x" : 0.039250076,
      "y" : 0.618034,
      "z" : -0.06509072
    }, {
      "x" : 0.051681295,
      "y" : -0.057781447,
      "z" : -0.40151262
    }, {
      "x" : 0.051681295,
      "y" : -0.057781447,
      "z" : -0.618034
    }, {
      "x" : 0.029984389,
      "y" : -0.07119087,
      "z" : -0.618034
    }, {
      "x" : 0.029984389,
      "y" : -0.07119087,
      "z" : -0.40151262
    }, {
      "x" : 0.14656252,
      "y" : 0.13596787,
      "z" : -0.35628223
    }, {
      "x" : 0.17496413,
      "y" : 0.14681633,
      "z" : -0.33872905
    }, {
      "x" : 0.24187292,
      "y" : 0.255077,
      "z" : -0.51389855
    }, {
      "x" : 0.2134713,
      "y" : 0.24422856,
      "z" : -0.5314517
    }, {
      "x" : 0.40151262,
      "y" : -0.06509072,
      "z" : 0.039250076
    }, {
      "x" : 0.40151262,
      "y" : -0.051681295,
      "z" : 0.057781447
    }, {
      "x" : 0.618034,
      "y" : -0.051681295,
      "z" : 0.057781447
    }, {
      "x" : 0.618034,
      "y" : -0.06509072,
      "z" : 0.039250076
    }, {
      "x" : 0.618034,
      "y" : 0.38196602,
      "z" : 0.0
    }, {
      "x" : 0.23606798,
      "y" : 0.618034,
      "z" : 0.0
    }, {
      "x" : 0.3329726,
      "y" : 0.5129203,
      "z" : 0.118396185
    }, {
      "x" : 0.34954756,
      "y" : 0.49951088,
      "z" : 0.12668367
    }, {
      "x" : 0.36295697,
      "y" : 0.48610148,
      "z" : 0.14009309
    }, {
      "x" : -0.12668367,
      "y" : -0.28445682,
      "z" : -0.5397392
    }, {
      "x" : -0.118396185,
      "y" : -0.3112757,
      "z" : -0.52632976
    }, {
      "x" : 0.14656252,
      "y" : 0.13596787,
      "z" : 0.35628223
    }, {
      "x" : 0.12486561,
      "y" : 0.13596787,
      "z" : 0.3645697
    }, {
      "x" : -0.618034,
      "y" : -0.38196602,
      "z" : 0.0
    }, {
      "x" : -0.38196602,
      "y" : -0.38196602,
      "z" : 0.38196602
    }, {
      "x" : -0.46026084,
      "y" : -0.25528234,
      "z" : 0.33357716
    }, {
      "x" : -0.47367024,
      "y" : -0.26356983,
      "z" : 0.3067583
    }, {
      "x" : -0.48707968,
      "y" : -0.26356983,
      "z" : 0.2850614
    }, {
      "x" : -0.5004891,
      "y" : -0.25528234,
      "z" : 0.26848644
    }, {
      "x" : -0.51389855,
      "y" : -0.24187292,
      "z" : 0.255077
    }, {
      "x" : -0.203015,
      "y" : -0.3511603,
      "z" : -0.051487405
    }, {
      "x" : -0.17619614,
      "y" : -0.3645697,
      "z" : -0.059774883
    }, {
      "x" : -0.28445682,
      "y" : -0.5397392,
      "z" : -0.12668367
    }, {
      "x" : -0.3112757,
      "y" : -0.52632976,
      "z" : -0.118396185
    }, {
      "x" : -0.15449923,
      "y" : -0.36969164,
      "z" : 0.08147179
    }, {
      "x" : -0.17619614,
      "y" : -0.3645697,
      "z" : 0.059774883
    }, {
      "x" : -0.28445682,
      "y" : -0.5397392,
      "z" : 0.12668367
    }, {
      "x" : -0.26275992,
      "y" : -0.54486114,
      "z" : 0.14838058
    }, {
      "x" : -0.08147179,
      "y" : 0.15449923,
      "z" : -0.36969164
    }, {
      "x" : -0.059774883,
      "y" : 0.17619614,
      "z" : -0.3645697
    }, {
      "x" : -0.12668367,
      "y" : 0.28445682,
      "z" : -0.5397392
    }, {
      "x" : -0.14838058,
      "y" : 0.26275992,
      "z" : -0.54486114
    }, {
      "x" : -0.27996942,
      "y" : 0.16667666,
      "z" : 0.24701338
    }, {
